7540662
6852892
3235725
8045172
2667794
2595511
7030103
5882478
2731795
8630567
7224817
9147454
9180184
4194220
801991
8773930
7498447
5429618
1948993
4161112
7231836
3512965
6037327
8518300
2917342
547194
5015100
837907
341970
6249282
9353243
5546257
7031847
9959436
1082955
7132656
9863608
2548250
2209647
8069760
8572628
9344483
8874074
8638786
7812182
4849731
2492922
6698031
7404507
745731
8379593
4119022
4123053
4401250
5421516
8134188
8319394
9611963
3780734
6096612
6971484
7377399
6529211
6097359
6332343
5781826
279273
5153724
838231
4437902
3398506
3432892
2868587
3079930
6449351
7063764
9110714
2325311
5883213
911693
1779925
8305333
3636477
5712230
1858307
9079534
8865961
616791
2362911
2935267
3366532
1151019
7813585
6552397
3805014
7693039
795351
5346031
5699199
5297037
8236308
2817584
4715257
4633814
9478541
9933557
789849
3943007
2440768
615656
2760381
6402258
8117630
3856582
9371822
1771427
497228
8502109
1309140
624955
3397897
1765229
4908084
2070509
8862959
7276642
9603157
4934808
867218
4182171
4846509
5474314
8233899
4477188
4525386
2335033
8498281
1153072
1238992
8093006
4084086
1238317
3698397
4122987
4692437
7917039
1265714
9334428
5342919
8732807
1774206
6290125
6338581
2089654
5121265
1999595
1890100
3143107
4642901
8447001
5593021
1950231
1412270
6420175
3155741
7243071
7922116
9639930
5333616
8050203
4774305
7342538
7946249
5483937
149557
3790204
4238363
8894826
6302156
6170563
9363702
8127291
9717796
9218081
1484230
1290663
8389366
7938443
569344
5534970
1415528
7116876
555207
5342809
1536476
8972323
7654800
5165404
7464615
8864025
6119573
8440544
5171511
5722086
8015688
3042471
783373
3741722
8546605
1411550
97421
3824354
4139944
1163535
9589026
6300149
6915998
8013637
3423833
7290262
6211938
8737943
2620444
7823630
5881412
4589405
1384870
5296634
4196127
8817555
8344235
9077367
5865668
9363718
2119923
7947765
2032202
9658187
2227269
6331838
3996308
5700867
8612151
4662268
8746986
466715
5425139
6377733
413248
9594800
3646317
7285883
1395640
6757438
7333021
2218973
4656642
5395580
8923714
6945214
5570691
1452406
6348659
760824
6753343
4421015
1650139
3373557
5647807
8444917
7102932
5289986
8718721
2308480
1107383
1346546
249066
6283749
2353241
3682949
7522856
8745465
9520247
2894009
2259431
6638652
1926856
9633791
8893205
3139810
8473128
7961171
7768963
8158982
5823610
8894456
736307
8201066
7861924
6408573
3949582
4684379
4744609
9051858
380823
3122478
1573303
5250660
4415850
8808519
7080841
192204
2017931
209806
3285196
1330242
1153739
6481783
1258299
9877021
9055363
4854217
4557053
1126316
7347325
7760197
5383811
2682978
1819184
6975171
7749135
976810
6247739
6290391
3249739
4541817
3428099
9421755
8738433
1274164
7104303
3656422
9979223
3506122
1673754
3161921
2818538
4458682
6359261
6426934
782103
3901778
1857358
5484908
2875582
3738494
64537
6051223
6872740
4765176
7220104
2598270
9842137
7214217
5702910
2628894
1247848
520157
1206180
8206791
8843603
114191
4749339
2625711
9550792
841001
4233823
6276651
2664448
7474888
1262500
6593317
90939
535912
6627958
3058532
6768384
7084346
4800944
4819847
7045177
7365650
5997922
5208999
7729267
9285990
9354758
2209419
9044992
3295737
2530979
2307649
9857682
8012943
7029165
2278695
7856211
2296287
2603987
5489406
5398931
8497844
1846916
8594631
970195
6474016
9339029
2951112
9664028
2291705
6985762
4740530
4379911
9869271
9835332
4806727
5856936
1892081
3981651
4930580
9889780
962541
2562468
1336459
9593240
4338437
2215355
8528391
6434739
4655065
9130962
8311268
8211102
3917412
7652314
6019016
3368386
3959384
40882
4521749
8041559
932248
456813
5746116
6871915
8918266
2281631
7707477
1081623
5791610
5073444
8189308
3932451
6966131
2523371
3237916
8946890
4014101
2017252
1608691
166321
1873
6506530
680587
1709020
9555716
709728
8716178
5656747
1230065
8487375
7166190
4948841
6882759
6677256
270695
2600124
886140
3425484
3273528
379629
4483866
6416998
7966718
7807042
6305964
4966440
3210575
5630654
8499854
2207795
4094756
7364964
899516
8149244
5225044
7409718
8157209
7662259
7760348
9106972
2648302
1833054
1359669
9978358
9752431
7835150
7039906
4874388
7566994
6755902
9602458
7621071
4888538
7809809
2417608
7939434
7630425
2471915
1991528
2867487
4910075
3667457
2041172
6836791
7482135
9034598
5676907
107416
9568704
6633667
6493718
8509618
2403363
4521616
4142717
3825501
5734943
6781157
7043308
2714778
2562210
4467454
3294809
57802
6843026
616277
3807379
9353508
3101183
1360510
8348712
9455063
4007404
2990314
4679226
3439397
2400452
3794129
2600105
1850113
2659662
3127710
849244
1161427
1119946
8386556
8696999
5684375
4978411
6673706
9201552
8456014
7509368
3452778
8664366
8113437
8983823
652742
2057013
5920285
8530242
4010767
3315346
2524081
651730
341040
9448969
83429
2642101
1433786
3649759
555199
5474772
8325637
2263107
9288002
2097012
4012152
9496180
7599357
3119784
6849327
7368417
3918571
5019143
7816600
3698908
9386292
506213
1687743
169883
4473394
5880820
3370978
8525526
7720062
6094764
6975371
9034588
1049472
7472233
8616597
1331899
6725820
505108
5111362
1803917
3482963
3605378
5407258
2625367
1465096
2464278
758393
1121696
1968038
6320843
2917881
7807840
2199230
2691670
7583934
5029628
3055273
5523150
2603228
5666836
4305906
7922171
9787624
3164901
8298150
3720363
8155910
5145168
545323
2847654
3121259
7952235
829684
1456967
6839437
7253416
535893
3020761
3333465
3851724
7438085
9679393
1155576
5070284
6891277
8752837
8278436
8723147
5467399
1256676
794517
7395024
6524438
6111922
4388265
8132181
3389703
8089365
9807139
7057278
8063236
7392465
304460
9879636
6993002
2860509
810943
8727902
6823970
5760205
8982619
1189333
996638
1990671
394075
6710898
2970241
4769175
705755
8960359
7919966
9844247
4457249
6305295
3384562
9311730
3696071
569367
8026529
9018656
8786437
2822849
2612451
683042
1573997
1246625
4810066
4034299
6398176
8102279
6927406
4128359
3912623
4172411
1280821
4502892
8938413
3101492
4503602
1783438
6081576
7492446
6859568
6592440
37164
8126217
4756682
7950114
159892
4227759
8409663
7049520
9553411
7991122
5404616
9273380
5784690
8079351
8558865
5545395
9572785
4647771
2388923
2925254
3882138
9879739
2654229
7803982
1062936
4082368
2165077
3042587
9968891
7262102
1385141
2525180
8501245
8452218
1851594
3527804
8873317
3087832
9582323
4555928
5802025
4306883
9407054
1531412
6514736
1116902
12710
3310966
8556302
715468
6235973
4604649
133947
405875
5439070
4206464
5313145
9218187
356432
5883301
9827097
6358863
7705902
1774454
3446979
247376
7127672
771293
1017408
3591569
4932798
5856066
3079629
7487083
6682658
5442652
5734430
4286579
1614167
9061552
7636648
6215627
4503170
9236790
8521382
7749368
5247205
1358976
6368177
2272567
8007799
8902975
6620440
8001611
934209
2180122
192218
8075767
5278246
3030695
9357701
1528193
6081372
4032029
7152249
8534425
6093548
1219060
9407116
931792
3580190
8788289
5694987
7424854
3671960
61282
3572962
1747121
2258158
4214951
9018342
7765611
9706446
2655517
9916957
5112225
141897
1339459
440233
3011010
9772019
4905242
1109382
1309337
2587005
4536352
7702653
7802187
8006005
6497708
1386887
1064131
1536730
2564491
9911792
7131759
6905830
1659776
3987281
2419919
3882653
6103143
5164890
3665750
7567713
2024175
1350643
7870654
3959682
2346297
715503
8053278
3717635
7003767
3556415
4226994
5833572
3426133
8660808
8566596
6389614
1289868
8655532
192227
201512
1618977
5113351
7114006
515470
7283473
3171828
4819908
1378107
7276455
368071
7156144
3802117
3189072
3208861
160666
8888567
3500210
5135748
8769878
218073
4917463
5767214
5972689
6261982
4140557
732979
9614188
3186821
3257410
4564278
70116
1771529
9454158
3259365
258498
3601052
636731
6993050
6485811
7986006
5499670
1379613
7351266
1797443
149350
3009608
3382161
3371230
497856
6812480
8250599
4939811
4602102
1462877
8447562
1170616
5121988
795887
804116
1281873
191692
7386698
5461863
3896473
5080401
8044456
4844078
4563360
8568320
780907
8850726
8798444
9179767