starting salary = 150000

L   R    p   s    3-year saving
0 10000 5000 1 283387.20615677064
0 5000 2500 2 141693.60307838532
2500 5000 3750 3 212540.40461757814
3750 5000 4375 4 247963.8053871745
4375 5000 4687 5 265647.1670513571
4375 4687 4531 6 256805.48621926573
4375 4531 4453 7 252384.6458032201
4375 4453 4414 8 250174.22559519726
4375 4414 4394 9 249040.6767705701
4394 4414 4404 10 249607.45118288381
4404 4414 4409 11 249890.83838904058
4409 4414 4411 12 250004.19327150314

starting salary = 300000

0 10000 5000 1 566774.4123135413
0 5000 2500 2 283387.20615677064
0 2500 1250 3 141693.60307838532
1250 2500 1875 4 212540.40461757814
1875 2500 2187 5 247907.12794594327
2187 2500 2343 6 265590.4896101256
2187 2343 2265 7 256748.8087780344
2187 2265 2226 8 252327.96836198878
2187 2226 2206 9 250060.8707127346
